76561199647300491
76561197960287930
76561197960435530
76561197960487963
76561197961279983
76561197961340220
76561197961448361
76561197961508336
76561197961606560
76561197961707501
76561197961858821
76561197961906599
76561197962042731
76561197962142768
76561197962234582
76561197962345692
76561197962513231
76561197962774672
76561197962925280
76561197963064072
76561197963207853
76561197963396437
76561197963472051
76561197963690455
76561197964000999
76561197964147222
76561197964317901
76561197964545647
76561197964781253
76561197964941006
76561197965065873
76561197965216408
76561197965342124
76561197965487243
76561197965610458
76561197965756752
76561197965904536
76561197966002891
76561197966132960
76561197966254012
76561197966348242
76561197966512301
76561197966660977
76561197966818839
76561197966977211
76561197967114002
76561197967245755
76561197967400117
76561197967554320
76561197960265728
76561197960280398
76561197960306436
76561197960335588
76561197960355841
76561197960390170
76561197960412965
76561197960433434
76561197960459541
76561197960474987
76561197960500627
76561197960534563
76561197960562210
76561197960590822
76561197960610452
76561197960648215
76561197960690778
76561197960720991
76561197960754780
76561197960798831
76561197960822291
76561197960849506
76561197960883778
76561197960906451
76561197960939702
76561197960978749
76561197961016955
76561197961041922
76561197961075032
76561197961105744
76561197961138286
76561197961170298
76561197961204497
76561197961231246
76561197961258447
76561197961288009
76561197961315964
76561197961355812
76561197961392453
76561197961420533
76561197961455470
76561197961482925
76561197961510470
76561197961548749
76561197961579451
76561197961612702
76561197961641058
76561197961671391
76561197961708035
76561197961734708
76561197961770955
76561197961804141
76561197961830477
76561197961857562
76561197961883896
76561197961911289
76561197961936473
76561197961966594
76561197961996217
76561197962030848
76561197962064028
76561197962099348
76561197962124205
76561197962159572
76561197962187363
76561197962214651
76561197962242848
76561197962277020
76561197962308951
76561197962330476
76561197962366800
76561197962394926
76561197962422396
76561197962455832
76561197962480184
76561197962514742
76561197962546972
76561197962580018
76561197962612893
76561197962640269
76561197962678823
76561197962712755
76561197962755116
76561197962788079
76561197962824065
76561197962859570
76561197962893613
76561197962927693
76561197962959702
76561197962995400
76561197963033584
76561197963069830
76561197963100458
76561197963137811
76561197963171366
76561197963204800
76561197963243988
76561197963280852
76561197963312695
76561197963348111
76561197963380056
76561197963412012
76561197963445622
76561197963480478
76561197963517311
76561197963551550
76561197963582044
76561197963622011
76561197963652746
76561197963689545
76561197963722865
76561197963756349
76561197963788633
76561197963816779
76561197963846962
76561197963874208
76561197963912015
76561197963952448
76561197963989275
76561197964016227
76561197964050072
76561197964090888
76561197964117732
76561197964148089
76561197964187976
76561197964218431
76561197964254288
76561197964288605
76561197964318297
76561197964354031
76561197964384658
76561197964419503
76561197964454766
76561197964487582
76561197964525914
76561197964552783
76561197964584020
76561197964619203
76561197964654876
76561197964688444
76561197964724117
76561197964754208
76561197964798995
76561197964830565
76561197964862618
76561197964901863
76561197964931513
76561197964968205
76561197965007823
76561197965034079
76561197965073592
76561197965110891
76561197965144682
76561197965177790
76561197965208953
76561197965246190
76561197965272706
76561197965311764
76561197965343211
76561197965377521
76561197965413089
76561197965443872
76561197965479250
76561197965511370
76561197965548506
76561197965587901
76561197965614604
76561197965651328
76561197965681621
76561197965720433
76561197965755363
76561197965791150
76561197965823951
76561197965867423
76561197965898019
76561197965933525
76561197965969312
76561197966002205
76561197966037655
76561197966075221
76561197966105244
76561197966143180
76561197966179607
76561197966217300
76561197966253924
76561197966287833
76561197966327672
76561197966364894
76561197966398365
76561197966436599
76561197966473491
76561197966508904
76561197966551428
76561197966583049
76561197966620210
76561197966655619
76561197966689377
76561197966722880
76561197966757305
76561197966791858
76561197966828954
76561197966866403
76561199734899139